634
34
4
84657
7534
45
534
543
2887
245
45654
964
555
255
3934
732
4879
33
73
67
556
656
89746
342
345
453
345
3453
3453
673
6456
212
564
633
9767
334
546
903
34534
3453
722
4545
5689
234
267
94
235
224
3457
345
833
343
5632
66523
345
657
326
943
73
835
677
344
334
3590
342
8467
567
45
897
2345
844
872
4356
34723
553
73
563
62
68
837
735
3688
6356
5245
7252
2636
7823
63423
456
4567
456
773
346
734
456
4556
5343
456
336
46464
47
944
